100 2
0.1811664 0.3865192 
 0.2943430 0.0667935 
 0.3830796 0.2834294 
 0.3055463 0.2164093 
 0.1049368 0.7252942 
 0.3327418 0.5067355 
 0.3129737 0.2421695 
 0.6373325 0.5542584 
 0.4727142 0.5483298 
 0.6443175 0.9785239 
 0.3490257 0.1557940 
 0.4218815 0.2496089 
 0.5082743 0.0318117 
 0.5689753 0.9957289 
 0.9020445 0.8763014 
 0.4704666 0.9490959 
 0.6763103 0.4112341 
 0.6828067 0.5489170 
 0.8963458 0.5693865 
 0.4488850 0.3363426 
 0.0537011 0.8205556 
 0.5752622 0.9367751 
 0.5624101 0.6924913 
 0.8921655 0.8372538 
 0.1798793 0.8822597 
 0.1979218 0.4751817 
 0.3138020 0.6997739 
 0.0937922 0.4414782 
 0.0976021 0.8646025 
 0.7588623 0.8858639 
 0.2184854 0.2531680 
 0.0016456 0.4514414 
 0.7368353 0.8668656 
 0.5467777 0.1545551 
 0.2035710 0.3007423 
 0.3505197 0.3961320 
 0.6108661 0.0129579 
 0.8541625 0.5118530 
 0.1364410 0.8405938 
 0.7337298 0.6476038 
 0.9851678 0.0282466 
 0.3290273 0.9282562 
 0.3041012 0.5205462 
 0.1639825 0.4539404 
 0.2459445 0.8440255 
 0.6197703 0.1281417 
 0.5665183 0.4309515 
 0.8963338 0.1532085 
 0.1366919 0.0185608 
 0.0879839 0.6157231 
 0.5886041 0.5299263 
 0.8837195 0.2587063 
 0.8475132 0.7831873 
 0.6491341 0.5693152 
 0.0594169 0.0973861 
 0.2081978 0.9065975 
 0.6333407 0.4164562 
 0.4612060 0.6985076 
 0.6860558 0.4462693 
 0.1786993 0.8327996 
 0.7036133 0.4188706 
 0.2165621 0.2721339 
 0.0036286 0.8263771 
 0.5087368 0.5967785 
 0.5673731 0.6052719 
 0.2024211 0.5132038 
 0.6715833 0.0382853 
 0.0851836 0.1956828 
 0.8341450 0.7514762 
 0.0805177 0.4202446 
 0.9305947 0.7318147 
 0.3118847 0.5130299 
 0.6623728 0.8262867 
 0.4966609 0.8127847 
 0.2731104 0.6955785 
 0.8595216 0.2219403 
 0.6135906 0.1095423 
 0.1660652 0.0119863 
 0.1345593 0.6511578 
 0.8758083 0.8136963 
 0.6119135 0.6413926 
 0.9904854 0.0557219 
 0.5411385 0.1474844 
 0.3077515 0.3481828 
 0.0248404 0.4675207 
 0.0483405 0.7106671 
 0.1539961 0.1080454 
 0.9603648 0.3235480 
 0.5727645 0.0395670 
 0.9591701 0.7822632 
 0.0285369 0.4155505 
 0.2638831 0.7382057 
 0.8409972 0.8995386 
 0.1589225 0.3366872 
 0.6614815 0.6257393 
 0.4441787 0.9690795 
 0.6095132 0.4215183 
 0.0327297 0.4372442 
 0.5272183 0.4840337 
 0.8887378 0.5157721 
