0.0320350 0.9035221 
 0.6369799 0.8608821 
 0.3088908 0.3757713 
 0.9732127 0.9611231 
 0.8874779 0.6968806 
 0.9026566 0.9988072 
 0.4085736 0.1727914 
 0.4612193 0.6744004 
 0.6931850 0.3300558 
 0.7470679 0.7584614 
 0.0747908 0.1461704 
 0.8127082 0.8341521 
 0.4107867 0.7283322 
 0.4312456 0.7724040 
 0.6145421 0.6969393 
 0.3338921 0.2735263 
 0.7919263 0.6503541 
 0.7854513 0.5829191 
 0.6609053 0.6136454 
 0.0743693 0.4516472 
 0.1024983 0.3570130 
 0.5853825 0.7094566 
 0.3461904 0.3976516 
 0.7247402 0.5304186 
 0.0304546 0.2977181 
 0.3968268 0.6192885 
 0.4845276 0.9040976 
 0.4906664 0.0869043 
 0.0236372 0.2436157 
 0.6166703 0.6100511 
 0.4966773 0.1284801 
 0.0169841 0.4172210 
 0.1205042 0.8168548 
 0.2233215 0.4761187 
 0.8137556 0.4258382 
 0.9081336 0.6886547 
 0.5280214 0.7595256 
 0.9097681 0.5690399 
 0.8754777 0.7815639 
 0.2388277 0.3724966 
 0.7673987 0.5554317 
 0.8076416 0.4755464 
 0.5924236 0.9598859 
 0.6715354 0.4408763 
 0.1497553 0.1623846 
 0.9208184 0.0249269 
 0.2707415 0.4381088 
 0.3950136 0.7366480 
 0.6602057 0.6322436 
 0.6722463 0.7008384 
 0.5016066 0.9917201 
 0.0707780 0.7261688 
 0.0202640 0.2904536 
 0.6278365 0.7709110 
 0.3966620 0.6275076 
 0.3220582 0.5205911 
 0.7648693 0.9163647 
 0.4964224 0.5607800 
 0.8045723 0.2688633 
 0.0224387 0.6020678 
 0.6117433 0.0101493 
 0.9149388 0.2874634 
 0.7727295 0.1794787 
 0.7390453 0.1170547 
 0.2171961 0.7516633 
 0.3131340 0.7302838 
 0.5220545 0.5686694 
 0.1577904 0.8996739 
 0.6039011 0.6511293 
 0.3122828 0.7558118 
 0.5817446 0.1535974 
 0.1658497 0.5638822 
 0.1125706 0.1610514 
 0.6475228 0.3265946 
 0.4847249 0.6606913 
 0.4891949 0.0539716 
 0.6708642 0.6633011 
 0.5135963 0.1117091 
 0.5534657 0.3305944 
 0.3806688 0.9687104 
 0.4892732 0.2648470 
 0.5189334 0.1804646 
 0.8097359 0.4480045 
 0.8267400 0.7752116 
 0.9851271 0.7301304 
 0.0931684 0.4988593 
 0.9207671 0.7497973 
 0.0887347 0.7044008 
 0.8022770 0.6476217 
 0.2283400 0.0616747 
 0.3482116 0.2718599 
 0.1169965 0.6707336 
 0.2354155 0.5726225 
 0.8441790 0.4813776 
 0.4951810 0.7770890 
 0.4740838 0.9845964 
 0.1843984 0.4079101 
 0.8530468 0.7182759 
